# 30
6.553500000000000227e+02
6.527500000000000000e+02
5.944199999999999591e+02
6.529600000000000364e+02
6.310800000000000409e+02
6.023300000000000409e+02
6.964900000000000091e+02
6.302599999999999909e+02
6.447400000000000091e+02
5.926399999999999864e+02
6.539800000000000182e+02
6.121299999999999955e+02
6.062999999999999545e+02
6.682300000000000182e+02
5.991000000000000227e+02
5.439700000000000273e+02
6.432899999999999636e+02
6.410700000000000500e+02
6.676699999999999591e+02
6.779500000000000455e+02
5.912599999999999909e+02
6.347599999999999909e+02
6.386000000000000227e+02
6.361000000000000227e+02
5.973899999999999864e+02
6.017999999999999545e+02
6.234099999999999682e+02
6.259900000000000091e+02
6.202000000000000455e+02
7.219400000000000546e+02
# 30
5.961100000000000136e+02
6.699800000000000182e+02
6.272200000000000273e+02
6.672799999999999727e+02
6.553300000000000409e+02
6.477000000000000455e+02
6.429099999999999682e+02
6.928300000000000409e+02
5.586200000000000045e+02
6.023600000000000136e+02
6.453999999999999773e+02
6.251000000000000227e+02
6.046499999999999773e+02
6.393400000000000318e+02
6.071900000000000546e+02
6.992200000000000273e+02
7.136599999999999682e+02
6.314199999999999591e+02
6.683999999999999773e+02
6.368099999999999454e+02
6.396299999999999955e+02
6.531699999999999591e+02
6.025199999999999818e+02
6.222400000000000091e+02
6.597000000000000455e+02
6.909700000000000273e+02
6.184600000000000364e+02
6.534099999999999682e+02
6.087699999999999818e+02
6.572300000000000182e+02
# 30
8.082500000000000000e+02
8.147799999999999727e+02
8.668999999999999773e+02
8.996699999999999591e+02
8.153400000000000318e+02
9.053099999999999454e+02
8.447799999999999727e+02
8.916200000000000045e+02
8.265900000000000318e+02
8.169700000000000273e+02
8.486599999999999682e+02
8.137100000000000364e+02
9.048700000000000045e+02
8.292400000000000091e+02
8.842100000000000364e+02
8.883700000000000045e+02
8.275599999999999454e+02
8.391499999999999773e+02
8.221900000000000546e+02
8.076399999999999864e+02
8.282599999999999909e+02
8.918099999999999454e+02
8.089299999999999500e+02
7.512100000000000364e+02
8.661900000000000546e+02
8.419500000000000455e+02
8.905399999999999636e+02
8.543700000000000045e+02
8.786499999999999773e+02
8.569900000000000091e+02
