# 30
4.885799999999999841e+02
4.640099999999999909e+02
5.549500000000000455e+02
5.134400000000000546e+02
5.456499999999999773e+02
5.144700000000000273e+02
4.925400000000000205e+02
5.550499999999999545e+02
5.317899999999999636e+02
5.115299999999999727e+02
4.772300000000000182e+02
4.833000000000000114e+02
4.994300000000000068e+02
5.258200000000000500e+02
5.192599999999999909e+02
5.160199999999999818e+02
5.454700000000000273e+02
5.042900000000000205e+02
4.990299999999999727e+02
5.262899999999999636e+02
4.645699999999999932e+02
4.672699999999999818e+02
4.896000000000000227e+02
5.146799999999999500e+02
5.268899999999999864e+02
5.077799999999999727e+02
5.210800000000000409e+02
5.478099999999999454e+02
5.180000000000000000e+02
4.951200000000000045e+02
# 30
5.476699999999999591e+02
5.331599999999999682e+02
5.361599999999999682e+02
5.288500000000000227e+02
5.454900000000000091e+02
5.110699999999999932e+02
5.652899999999999636e+02
4.998399999999999750e+02
5.166299999999999955e+02
5.316100000000000136e+02
5.127799999999999727e+02
4.664300000000000068e+02
5.113500000000000227e+02
5.161799999999999500e+02
5.241200000000000045e+02
5.342599999999999909e+02
5.434299999999999500e+02
5.510099999999999909e+02
5.137000000000000455e+02
4.655699999999999932e+02
4.770099999999999909e+02
4.665400000000000205e+02
5.513799999999999955e+02
5.040799999999999841e+02
4.817699999999999818e+02
4.888100000000000023e+02
5.314900000000000091e+02
4.815699999999999932e+02
4.843000000000000114e+02
5.312999999999999545e+02
# 30
4.791999999999999886e+02
5.400900000000000318e+02
5.355800000000000409e+02
5.304299999999999500e+02
5.243799999999999955e+02
5.130399999999999636e+02
5.308500000000000227e+02
5.495199999999999818e+02
4.939300000000000068e+02
5.077500000000000000e+02
5.570299999999999727e+02
5.467699999999999818e+02
5.208200000000000500e+02
5.464600000000000364e+02
5.228200000000000500e+02
4.799900000000000091e+02
6.013200000000000500e+02
5.079399999999999977e+02
5.582000000000000455e+02
4.854900000000000091e+02
5.355700000000000500e+02
4.859399999999999977e+02
5.147300000000000182e+02
5.132599999999999909e+02
5.349099999999999682e+02
5.169900000000000091e+02
5.197999999999999545e+02
4.787500000000000000e+02
5.196599999999999682e+02
5.264099999999999682e+02
